Easy 01
0 0 3 0 2 0 6 0 0
9 0 0 3 0 5 0 0 1
0 0 1 8 0 6 4 0 0
0 0 8 1 0 2 9 0 0
7 0 0 0 0 0 0 0 8
0 0 6 7 0 8 2 0 0
0 0 2 6 0 9 5 0 0
8 0 0 2 0 3 0 0 9
0 0 5 0 1 0 3 0 0
Easy 02
2 0 0 0 8 0 3 0 0
0 6 0 0 7 0 0 8 4
0 3 0 5 0 0 2 0 9
0 0 0 1 0 5 4 0 8
0 0 0 0 0 0 0 0 0
4 0 2 7 0 6 0 0 0
3 0 1 0 0 7 0 4 0
7 2 0 0 4 0 0 6 0
0 0 4 0 1 0 0 0 3
Easy 03
0 0 0 0 0 0 9 0 7
0 0 0 4 2 0 1 8 0
0 0 0 7 0 5 0 2 6
1 0 0 9 0 4 0 0 0
0 5 0 0 0 0 0 4 0
0 0 0 5 0 7 0 0 9
9 2 0 1 0 8 0 0 0
0 3 4 0 5 9 0 0 0
5 0 7 0 0 0 0 0 0
Easy 04
0 3 0 0 5 0 0 4 0
0 0 8 0 1 0 5 0 0
4 6 0 0 0 0 0 1 2
0 7 0 5 0 2 0 8 0
0 0 0 6 0 3 0 0 0
0 4 0 1 0 9 0 3 0
2 5 0 0 0 0 0 9 8
0 0 1 0 2 0 6 0 0
0 8 0 0 6 0 0 2 0
Easy 05
0 2 0 8 1 0 7 4 0
7 0 0 0 0 3 1 0 0
0 9 0 0 0 2 8 0 5
0 0 9 0 4 0 0 8 7
4 0 0 2 0 8 0 0 3
1 6 0 0 3 0 2 0 0
3 0 2 7 0 0 0 6 0
0 0 5 6 0 0 0 0 8
0 7 6 0 5 1 0 9 0
Easy 06
1 0 0 9 2 0 0 0 0
5 2 4 0 1 0 0 0 0
0 0 0 0 0 0 0 7 0
0 5 0 0 0 8 1 0 2
0 0 0 0 0 0 0 0 0
4 0 2 7 0 0 0 9 0
0 6 0 0 0 0 0 0 0
0 0 0 0 3 0 9 4 5
0 0 0 0 7 1 0 0 6
Easy 07
0 4 3 0 8 0 2 5 0
6 0 0 0 0 0 0 0 0
0 0 0 0 0 1 0 9 4
9 0 0 0 0 4 0 7 0
0 0 0 6 0 8 0 0 0
0 1 0 2 0 0 0 0 3
8 2 0 5 0 0 0 0 0
0 0 0 0 0 0 0 0 5
0 3 4 0 9 0 7 1 0
Easy 08
4 8 0 0 0 6 9 0 2
0 0 2 0 0 8 0 0 1
9 0 0 3 7 0 0 6 0
8 4 0 0 1 0 2 0 0
0 0 3 7 0 4 1 0 0
0 0 1 0 6 0 0 4 9
0 2 0 0 8 5 0 0 7
7 0 0 9 0 0 6 0 0
6 0 9 2 0 0 0 1 8
Easy 09
0 0 0 9 0 0 0 0 2
0 5 0 1 2 3 4 0 0
0 3 0 0 0 0 1 6 0
9 0 8 0 0 0 0 0 0
0 7 0 0 0 0 0 9 0
0 0 0 0 0 0 2 0 5
0 9 1 0 0 0 0 5 0
0 0 7 4 3 9 0 2 0
4 0 0 0 0 7 0 0 0
Easy 10
0 0 1 9 0 0 0 0 3
9 0 0 7 0 0 1 6 0
0 3 0 0 0 5 0 0 7
0 5 0 0 0 0 0 0 9
0 0 4 3 0 2 6 0 0
2 0 0 0 0 0 0 7 0
6 0 0 1 0 0 0 3 0
0 4 2 0 0 7 0 0 6
5 0 0 0 0 6 8 0 0
Easy 11
0 0 0 1 2 5 4 0 0
0 0 8 4 0 0 0 0 0
4 2 0 8 0 0 0 0 0
0 3 0 0 0 0 0 9 5
0 6 0 9 0 2 0 1 0
5 1 0 0 0 0 0 6 0
0 0 0 0 0 3 0 4 9
0 0 0 0 0 7 2 0 0
0 0 1 2 9 8 0 0 0
Easy 12
0 6 2 3 4 0 7 5 0
1 0 0 0 0 5 6 0 0
5 7 0 0 0 0 0 4 0
0 0 0 0 9 4 8 0 0
4 0 0 0 0 0 0 0 6
0 0 5 8 3 0 0 0 0
0 3 0 0 0 0 0 9 1
0 0 6 4 0 0 0 0 7
0 5 9 0 8 3 2 6 0
Easy 13
3 0 0 0 0 0 0 0 0
0 0 5 0 0 9 0 0 0
2 0 0 5 0 4 0 0 0
0 2 0 0 0 0 7 0 0
1 6 0 0 0 0 0 5 8
7 0 4 3 1 0 6 0 0
0 0 0 8 9 0 1 0 0
0 0 0 0 6 7 0 8 0
0 0 0 0 0 5 4 3 7
Easy 14
6 3 0 0 0 0 0 0 0
0 0 0 5 0 0 0 0 8
0 0 5 6 7 4 0 0 0
0 0 0 0 2 0 0 0 0
0 0 3 4 0 1 0 2 0
0 0 0 0 0 0 3 4 5
0 0 0 0 0 7 0 0 4
0 8 0 3 0 0 9 0 2
9 4 7 1 0 0 0 8 0
Easy 15
0 0 0 0 2 0 0 4 0
0 0 8 0 3 5 0 0 0
0 0 0 0 7 0 6 0 2
0 3 1 0 4 6 9 7 0
2 0 0 0 0 0 0 0 0
0 0 0 5 0 1 2 0 3
0 4 9 0 0 0 7 3 0
0 0 0 0 0 0 0 1 0
8 0 0 0 0 4 0 0 0
Easy 16
3 6 1 0 2 5 9 0 0
0 8 0 9 6 0 0 1 0
4 0 0 0 0 0 0 5 7
0 0 8 0 0 0 4 7 1
0 0 0 6 0 3 0 0 0
2 5 9 0 0 0 8 0 0
7 4 0 0 0 0 0 0 5
0 2 0 0 1 8 0 6 0
0 0 5 4 7 0 3 2 9
Easy 17
0 5 0 8 0 7 0 2 0
6 0 0 0 1 0 0 9 0
7 0 2 5 4 0 0 0 6
0 7 0 0 2 0 3 0 1
5 0 4 0 0 0 9 0 8
1 0 3 0 8 0 0 7 0
9 0 0 0 7 6 2 0 5
0 6 0 0 9 0 0 0 3
0 8 0 1 0 3 0 4 0
Easy 18
0 8 0 0 0 5 0 0 0
0 0 0 0 0 3 4 5 7
0 0 0 0 7 0 8 0 9
0 6 0 4 0 0 9 0 3
0 0 7 0 1 0 5 0 0
4 0 8 0 0 7 0 2 0
9 0 1 0 2 0 0 0 0
8 4 2 3 0 0 0 0 0
0 0 0 1 0 0 0 8 0
Easy 19
0 0 3 5 0 2 9 0 0
0 0 0 0 4 0 0 0 0
1 0 6 0 0 0 3 0 5
9 0 0 2 5 1 0 0 8
0 7 0 4 0 8 0 3 0
8 0 0 7 6 3 0 0 1
3 0 8 0 0 0 1 0 4
0 0 0 0 2 0 0 0 0
0 0 5 1 0 4 8 0 0
Easy 20
0 0 0 0 0 0 0 0 0
0 0 9 8 0 5 1 0 0
0 5 1 9 0 7 4 2 0
2 9 0 4 0 1 0 6 5
0 0 0 0 0 0 0 0 0
1 4 0 5 0 8 0 9 3
0 2 6 7 0 9 5 8 0
0 0 5 1 0 3 6 0 0
0 0 0 0 0 0 0 0 0
Easy 21
0 2 0 0 3 0 0 9 0
0 0 0 9 0 7 0 0 0
9 0 0 2 0 8 0 0 5
0 0 4 8 0 6 5 0 0
6 0 7 0 0 0 2 0 8
0 0 3 1 0 2 9 0 0
8 0 0 6 0 5 0 0 7
0 0 0 3 0 9 0 0 0
0 3 0 0 2 0 0 5 0
Easy 22
0 0 5 0 0 0 0 0 6
0 7 0 0 0 9 0 2 0
0 0 0 5 0 0 1 0 7
8 0 4 1 5 0 0 0 0
0 0 0 8 0 3 0 0 0
0 0 0 0 9 2 8 0 5
9 0 7 0 0 6 0 0 0
0 3 0 4 0 0 0 1 0
2 0 0 0 0 0 6 0 0
Easy 23
0 4 0 0 0 0 0 5 0
0 0 1 9 4 3 6 0 0
0 0 9 0 0 0 3 0 0
6 0 0 0 5 0 0 0 2
1 0 3 0 0 0 5 0 6
8 0 0 0 2 0 0 0 7
0 0 5 0 0 0 2 0 0
0 0 2 4 3 6 7 0 0
0 3 0 0 0 0 0 4 0
Easy 24
0 0 4 0 0 0 0 0 0
0 0 0 0 3 0 0 0 2
3 9 0 7 0 0 0 8 0
4 0 0 0 0 9 0 0 1
2 0 9 8 0 1 3 0 7
6 0 0 2 0 0 0 0 8
0 1 0 0 0 8 0 5 3
9 0 0 0 4 0 0 0 0
0 0 0 0 0 0 8 0 0
Easy 25
3 6 0 0 2 0 0 8 9
0 0 0 3 6 1 0 0 0
0 0 0 0 0 0 0 0 0
8 0 3 0 0 0 6 0 2
4 0 0 6 0 3 0 0 7
6 0 7 0 0 0 1 0 8
0 0 0 0 0 0 0 0 0
0 0 0 4 1 8 0 0 0
9 7 0 0 3 0 0 1 4
Easy 26
5 0 0 4 0 0 0 6 0
0 0 9 0 0 0 8 0 0
6 4 0 0 2 0 0 0 0
0 0 0 0 0 1 0 0 8
2 0 8 0 0 0 5 0 1
7 0 0 5 0 0 0 0 0
0 0 0 0 9 0 0 8 4
0 0 3 0 0 0 6 0 0
0 6 0 0 0 3 0 0 2
Easy 27
0 0 7 2 5 6 4 0 0
4 0 0 0 0 0 0 0 5
0 1 0 0 3 0 0 6 0
0 0 0 5 0 8 0 0 0
0 0 8 0 6 0 2 0 0
0 0 0 1 0 7 0 0 0
0 3 0 0 7 0 0 9 0
2 0 0 0 0 0 0 0 4
0 0 6 3 1 2 7 0 0
Easy 28
0 0 0 0 0 0 0 0 0
0 7 9 0 5 0 1 8 0
8 0 0 0 0 0 0 0 7
0 0 7 3 0 6 8 0 0
4 5 0 7 0 8 0 9 6
0 0 3 5 0 2 7 0 0
7 0 0 0 0 0 0 0 5
0 1 6 0 3 0 4 2 0
0 0 0 0 0 0 0 0 0
Easy 29
0 3 0 0 0 0 0 8 0
0 0 9 0 0 0 5 0 0
0 0 7 5 0 9 2 0 0
7 0 0 1 0 5 0 0 8
0 2 0 0 9 0 0 3 0
9 0 0 4 0 2 0 0 1
0 0 4 2 0 7 1 0 0
0 0 2 0 0 0 8 0 0
0 7 0 0 0 0 0 9 0
Easy 30
2 0 0 1 7 0 6 0 3
0 5 0 0 0 0 1 0 0
0 0 0 0 0 6 0 7 9
0 0 0 0 4 0 7 0 0
0 0 0 8 0 1 0 0 0
0 0 9 0 5 0 0 0 0
3 1 0 4 0 0 0 0 0
0 0 5 0 0 0 0 6 0
9 0 6 0 3 7 0 0 2
Easy 31
0 0 0 0 0 0 0 8 0
8 0 0 7 0 1 0 4 0
0 4 0 0 2 0 0 3 0
3 7 4 0 0 0 9 0 0
0 0 0 0 3 0 0 0 0
0 0 5 0 0 0 3 2 1
0 1 0 0 6 0 0 5 0
0 5 0 8 0 2 0 0 6
0 8 0 0 0 0 0 0 0
Easy 32
0 0 0 0 0 0 0 8 5
0 0 0 2 1 0 0 0 9
9 6 0 0 8 0 1 0 0
5 0 0 8 0 0 0 1 6
0 0 0 0 0 0 0 0 0
8 9 0 0 0 6 0 0 7
0 0 9 0 7 0 0 5 2
3 0 0 0 5 4 0 0 0
4 8 0 0 0 0 0 0 0
Easy 33
6 0 8 0 7 0 5 0 2
0 5 0 6 0 8 0 7 0
0 0 2 0 0 0 3 0 0
5 0 0 0 9 0 0 0 6
0 4 0 3 0 2 0 5 0
8 0 0 0 5 0 0 0 3
0 0 5 0 0 0 2 0 0
0 1 0 7 0 4 0 9 0
4 0 9 0 6 0 7 0 1
Easy 34
0 5 0 0 1 0 0 4 0
1 0 7 0 0 0 6 0 2
0 0 0 9 0 5 0 0 0
2 0 8 0 3 0 5 0 1
0 4 0 0 7 0 0 2 0
9 0 1 0 8 0 4 0 6
0 0 0 4 0 1 0 0 0
3 0 4 0 0 0 7 0 9
0 2 0 0 6 0 0 1 0
Easy 35
0 5 3 0 0 0 7 9 0
0 0 9 7 5 3 4 0 0
1 0 0 0 0 0 0 0 2
0 9 0 0 8 0 0 1 0
0 0 0 9 0 7 0 0 0
0 8 0 0 3 0 0 7 0
5 0 0 0 0 0 0 0 3
0 0 7 6 4 1 2 0 0
0 6 1 0 0 0 9 4 0
Easy 36
0 0 6 0 8 0 3 0 0
0 4 9 0 7 0 2 5 0
0 0 0 4 0 5 0 0 0
6 0 0 3 1 7 0 0 4
0 0 7 0 0 0 8 0 0
1 0 0 8 2 6 0 0 9
0 0 0 7 0 2 0 0 0
0 7 5 0 4 0 1 9 0
0 0 3 0 9 0 6 0 0
Easy 37
0 0 5 0 8 0 7 0 0
7 0 0 2 0 4 0 0 5
3 2 0 0 0 0 0 8 4
0 6 0 1 0 5 0 4 0
0 0 8 0 0 0 5 0 0
0 7 0 8 0 3 0 1 0
4 5 0 0 0 0 0 9 1
6 0 0 5 0 8 0 0 7
0 0 3 0 1 0 6 0 0
Easy 38
0 0 0 9 0 0 8 0 0
1 2 8 0 0 6 4 0 0
0 7 0 8 0 0 0 6 0
8 0 0 4 3 0 0 0 7
5 0 0 0 0 0 0 0 9
6 0 0 0 7 9 0 0 8
0 9 0 0 0 4 0 1 0
0 0 3 6 0 0 2 8 4
0 0 1 0 0 7 0 0 0
Easy 39
0 0 0 0 8 0 0 0 0
2 7 0 0 0 0 0 5 4
0 9 5 0 0 0 8 1 0
0 0 9 8 0 6 4 0 0
0 2 0 4 0 3 0 6 0
0 0 6 9 0 5 1 0 0
0 1 7 0 0 0 6 2 0
4 6 0 0 0 0 0 3 8
0 0 0 0 9 0 0 0 0
Easy 40
0 0 0 6 0 2 0 0 0
4 0 0 0 5 0 0 0 1
0 8 5 0 1 0 6 2 0
0 3 8 2 0 6 7 1 0
0 0 0 0 0 0 0 0 0
0 1 9 4 0 7 3 5 0
0 2 6 0 4 0 5 3 0
9 0 0 0 2 0 0 0 7
0 0 0 8 0 9 0 0 0
Easy 41
0 0 0 9 0 0 0 0 2
0 5 0 1 2 3 4 0 0
0 3 0 0 0 0 1 6 0
9 0 8 0 0 0 0 0 0
0 7 0 0 0 0 0 9 0
0 0 0 0 0 0 2 0 5
0 9 1 0 0 0 0 5 0
0 0 7 4 3 9 0 2 0
4 0 0 0 0 7 0 0 0
Easy 42
3 8 0 0 0 0 0 0 0
0 0 0 4 0 0 7 8 5
0 0 9 0 2 0 3 0 0
0 6 0 0 9 0 0 0 0
8 0 0 3 0 2 0 0 9
0 0 0 0 4 0 0 7 0
0 0 1 0 7 0 5 0 0
4 9 5 0 0 6 0 0 0
0 0 0 0 0 0 0 9 2
Easy 43
0 0 0 1 5 8 0 0 0
0 0 2 0 6 0 8 0 0
0 3 0 0 0 0 0 4 0
0 2 7 0 3 0 5 1 0
0 0 0 0 0 0 0 0 0
0 4 6 0 8 0 7 9 0
0 5 0 0 0 0 0 8 0
0 0 4 0 7 0 1 0 0
0 0 0 3 2 5 0 0 0
Easy 44
0 1 0 5 0 0 2 0 0
9 0 0 0 0 1 0 0 0
0 0 2 0 0 8 0 3 0
5 0 0 0 3 0 0 0 7
0 0 8 0 0 0 5 0 0
6 0 0 0 8 0 0 0 4
0 4 0 1 0 0 7 0 0
0 0 0 7 0 0 0 0 6
0 0 3 0 0 4 0 5 0
Easy 45
0 8 0 0 0 0 0 4 0
0 0 0 4 6 9 0 0 0
4 0 0 0 0 0 0 0 7
0 0 5 9 0 4 6 0 0
0 7 0 6 0 8 0 3 0
0 0 8 5 0 2 1 0 0
9 0 0 0 0 0 0 0 5
0 0 0 7 8 1 0 0 0
0 6 0 0 0 0 0 1 0
Easy 46
9 0 4 2 0 0 0 0 7
0 1 0 0 0 0 0 0 0
0 0 0 7 0 6 5 0 0
0 0 0 8 0 0 0 9 0
0 2 0 9 0 4 0 6 0
0 4 0 0 0 2 0 0 0
0 0 1 6 0 7 0 0 0
0 0 0 0 0 0 0 3 0
3 0 0 0 0 5 7 0 2
Easy 47
0 0 0 7 0 0 8 0 0
0 0 6 0 0 0 0 3 1
0 4 0 0 0 2 0 0 0
0 2 4 0 7 0 0 0 0
0 1 0 0 3 0 0 8 0
0 0 0 0 6 0 2 9 0
0 0 0 8 0 0 0 7 0
8 6 0 0 0 0 5 0 0
0 0 2 0 0 6 0 0 0
Easy 48
0 0 1 0 0 7 0 9 0
5 9 0 0 8 0 0 0 1
0 3 0 0 0 0 0 8 0
0 0 0 0 0 5 8 0 0
0 5 0 0 6 0 0 2 0
0 0 4 1 0 0 0 0 0
0 8 0 0 0 0 0 3 0
1 0 0 0 2 0 0 7 9
0 2 0 7 0 0 4 0 0
Easy 49
0 0 0 0 0 3 0 1 7
0 1 5 0 0 9 0 0 8
0 6 0 0 0 0 0 0 0
1 0 0 0 0 7 0 0 0
0 0 9 0 0 0 2 0 0
0 0 0 5 0 0 0 0 4
0 0 0 0 0 0 0 2 0
5 0 0 6 0 0 3 4 0
3 4 0 2 0 0 0 0 0
Easy 50
3 0 0 2 0 0 0 0 0
0 0 0 1 0 7 0 0 0
7 0 6 0 3 0 5 0 0
0 7 0 0 0 9 0 8 0
9 0 0 0 2 0 0 0 4
0 1 0 8 0 0 0 5 0
0 0 9 0 4 0 3 0 1
0 0 0 7 0 2 0 0 0
0 0 0 0 0 8 0 0 6Hard 01
4 0 0 0 0 0 8 0 5
0 3 0 0 0 0 0 0 0
0 0 0 7 0 0 0 0 0
0 2 0 0 0 0 0 6 0
0 0 0 0 8 0 4 0 0
0 0 0 0 1 0 0 0 0
0 0 0 6 0 3 0 7 0
5 0 0 2 0 0 0 0 0
1 0 4 0 0 0 0 0 0
Hard 02
5 2 0 0 0 6 0 0 0
0 0 0 0 0 0 7 0 1
3 0 0 0 0 0 0 0 0
0 0 0 4 0 0 8 0 0
6 0 0 0 0 0 0 5 0
0 0 0 0 0 0 0 0 0
0 4 1 8 0 0 0 0 0
0 0 0 0 3 0 0 2 0
0 0 8 7 0 0 0 0 0
Hard 03
6 0 0 0 0 0 8 0 3
0 4 0 7 0 0 0 0 0
0 0 0 0 0 0 0 0 0
0 0 0 5 0 4 0 7 0
3 0 0 2 0 0 0 0 0
1 0 6 0 0 0 0 0 0
0 2 0 0 0 0 0 5 0
0 0 0 0 8 0 6 0 0
0 0 0 0 1 0 0 0 0
Hard 04
4 8 0 3 0 0 0 0 0
0 0 0 0 0 0 0 7 1
0 2 0 0 0 0 0 0 0
7 0 5 0 0 0 0 6 0
0 0 0 2 0 0 8 0 0
0 0 0 0 0 0 0 0 0
0 0 1 0 7 6 0 0 0
3 0 0 0 0 0 4 0 0
0 0 0 0 5 0 0 0 0
Hard 05
0 0 0 0 1 4 0 0 0
0 3 0 0 0 0 2 0 0
0 7 0 0 0 0 0 0 0
0 0 0 9 0 0 0 3 0
6 0 1 0 0 0 0 0 0
0 0 0 0 0 0 0 8 0
2 0 0 0 0 0 1 0 4
0 0 0 0 5 0 6 0 0
0 0 0 7 0 8 0 0 0
Hard 06
0 0 0 0 0 0 5 2 0
0 8 0 4 0 0 0 0 0
0 3 0 0 0 9 0 0 0
5 0 1 0 0 0 6 0 0
2 0 0 7 0 0 0 0 0
0 0 0 3 0 0 0 0 0
6 0 0 0 1 0 0 0 0
0 0 0 0 0 0 7 0 4
0 0 0 0 0 0 0 3 0
Hard 07
6 0 2 0 5 0 0 0 0
0 0 0 0 0 3 0 4 0
0 0 0 0 0 0 0 0 0
4 3 0 0 0 8 0 0 0
0 1 0 0 0 0 2 0 0
0 0 0 0 0 0 7 0 0
5 0 0 2 7 0 0 0 0
0 0 0 0 0 0 0 8 1
0 0 0 6 0 0 0 0 0
Hard 08
0 5 2 4 0 0 0 0 0
0 0 0 0 7 0 1 0 0
0 0 0 0 0 0 0 0 0
0 0 0 8 0 2 0 0 0
3 0 0 0 0 0 6 0 0
0 9 0 5 0 0 0 0 0
1 0 6 0 3 0 0 0 0
0 0 0 0 0 0 0 8 9
7 0 0 0 0 0 0 0 0
Hard 09
6 0 2 0 5 0 0 0 0
0 0 0 0 0 4 0 3 0
0 0 0 0 0 0 0 0 0
4 3 0 0 0 8 0 0 0
0 1 0 0 0 0 2 0 0
0 0 0 0 0 0 7 0 0
5 0 0 2 7 0 0 0 0
0 0 0 0 0 0 0 8 1
0 0 0 6 0 0 0 0 0
Hard 10
0 9 2 3 0 0 0 0 0
0 0 0 0 8 0 1 0 0
0 0 0 0 0 0 0 0 0
1 0 7 0 4 0 0 0 0
0 0 0 0 0 0 0 6 5
8 0 0 0 0 0 0 0 0
0 6 0 5 0 2 0 0 0
4 0 0 0 0 0 7 0 0
0 0 0 9 0 0 0 0 0
Hard 11
6 0 0 3 0 2 0 0 0
0 5 0 0 0 0 0 1 0
0 0 0 0 0 0 0 0 0
7 0 2 6 0 0 0 0 0
0 0 0 0 0 0 0 5 4
3 0 0 0 0 0 0 0 0
0 8 0 1 5 0 0 0 0
0 0 0 0 4 0 2 0 0
0 0 0 0 0 0 7 0 0
Hard 12
0 6 0 5 0 1 0 9 0
1 0 0 0 9 0 0 5 3
9 0 0 0 0 7 0 0 0
0 4 0 8 0 0 0 7 0
0 0 0 0 0 0 5 0 8
0 8 1 7 0 5 0 3 0
0 0 0 0 5 0 2 0 0
0 0 0 0 0 0 0 0 0
0 7 6 0 0 8 0 0 0
Hard 13
0 0 5 0 0 0 9 8 7
0 4 0 0 5 0 0 0 1
0 0 7 0 0 0 0 0 0
2 0 0 0 4 8 0 0 0
0 9 0 1 0 0 0 0 0
6 0 0 2 0 0 0 0 0
3 0 0 6 0 0 2 0 0
0 0 0 0 0 9 0 7 0
0 0 0 0 0 0 5 0 0
Hard 14
3 0 6 0 7 0 0 0 0
0 0 0 0 0 0 0 5 1
8 0 0 0 0 0 0 0 0
0 1 0 4 0 5 0 0 0
7 0 0 0 0 0 6 0 0
0 0 0 2 0 0 0 0 0
0 2 0 0 0 0 0 4 0
0 0 0 0 8 0 3 0 0
0 0 0 5 0 0 0 0 0
Hard 15
1 0 0 0 0 0 3 0 8
0 7 0 4 0 0 0 0 0
0 0 0 0 0 0 0 0 0
2 0 3 0 1 0 0 0 0
0 0 0 0 0 0 0 9 5
8 0 0 0 0 0 0 0 0
0 5 0 6 0 0 0 7 0
0 0 0 0 8 0 2 0 0
0 4 0 0 0 0 0 0 0
Hard 16
6 0 0 3 0 2 0 0 0
0 4 0 0 0 0 0 1 0
0 0 0 0 0 0 0 0 0
7 0 2 6 0 0 0 0 0
0 0 0 0 0 0 0 5 4
3 0 0 0 0 0 0 0 0
0 8 0 1 5 0 0 0 0
0 0 0 0 4 0 2 0 0
0 0 0 0 0 0 7 0 0
Hard 17
0 0 0 0 3 0 0 9 0
0 0 0 2 0 0 0 0 1
0 5 0 9 0 0 0 0 0
0 0 0 0 0 0 0 0 0
1 0 2 0 8 0 4 0 6
0 8 0 5 0 0 0 2 0
0 7 5 0 0 0 0 0 0
4 0 1 0 0 6 0 0 3
0 0 0 0 0 4 0 6 0
Hard 18
4 5 0 0 0 0 0 3 0
0 0 0 8 0 1 0 0 0
0 9 0 0 0 0 0 0 0
0 0 0 0 5 0 0 9 0
2 0 0 7 0 0 0 0 0
8 0 0 0 0 0 0 0 0
0 1 0 0 4 0 0 0 0
0 0 0 0 0 0 7 0 2
0 0 0 6 0 0 8 0 0
Hard 19
0 2 3 7 0 0 0 0 6
8 0 0 0 6 0 5 9 0
9 0 0 0 0 0 7 0 0
0 0 0 0 4 0 9 7 0
3 0 7 0 9 6 0 0 2
0 0 0 0 0 0 0 0 0
5 0 0 4 7 0 0 0 0
0 0 0 0 0 2 0 0 0
0 8 0 0 0 0 0 0 0
Hard 20
0 0 8 4 0 0 0 3 0
0 0 0 3 0 0 0 0 0
9 0 0 0 0 1 5 7 4
7 9 0 0 0 8 0 0 0
0 0 0 0 0 7 0 0 5
1 4 0 0 0 0 0 2 0
0 0 9 0 6 0 0 0 2
0 5 0 0 0 0 4 0 0
0 0 0 0 9 0 0 5 6
Hard 21
0 9 8 0 1 0 0 0 0
2 0 0 0 0 0 0 6 0
0 0 0 0 0 0 0 0 0
0 0 0 3 0 2 0 5 0
0 8 4 0 0 0 0 0 0
0 0 0 6 0 0 0 0 0
0 0 0 0 4 0 8 0 9
3 0 0 5 0 0 0 0 0
0 0 0 0 0 0 1 0 0
Hard 22
0 0 2 4 7 0 0 5 8
0 0 0 0 0 0 0 0 0
0 0 0 0 0 1 0 4 0
0 0 0 0 2 0 0 0 9
5 2 8 0 9 0 4 0 0
0 0 9 0 0 0 1 0 0
0 0 0 0 0 0 0 3 0
3 0 0 0 0 7 5 0 0
6 8 5 0 0 2 0 0 0
Hard 23
4 0 0 0 0 0 8 0 5
0 3 0 0 0 0 0 0 0
0 0 0 7 0 0 0 0 0
0 2 0 0 0 0 0 6 0
0 0 0 0 5 0 4 0 0
0 0 0 0 1 0 0 0 0
0 0 0 6 0 3 0 7 0
5 0 0 2 0 0 0 0 0
1 0 9 0 0 0 0 0 0
Hard 24
0 2 0 3 0 0 0 0 0
0 6 3 0 0 0 0 0 5
8 0 0 0 0 0 0 0 1
5 0 0 0 0 9 0 3 0
0 0 0 7 0 0 0 0 0
0 0 0 1 0 0 0 0 8
0 8 7 9 0 0 2 6 0
0 0 0 0 0 6 0 7 0
0 0 6 0 0 7 0 0 4
Hard 25
1 0 0 0 0 0 7 0 9
0 4 0 0 0 7 2 0 0
8 0 0 0 0 0 0 0 0
0 7 0 0 1 0 0 6 0
3 0 0 0 0 0 0 0 5
0 6 0 0 4 0 0 2 0
0 0 0 0 0 0 0 0 8
0 0 5 3 0 0 0 7 0
7 0 2 0 0 0 0 4 6
Hard 26
4 0 0 0 0 0 3 0 0
0 0 0 8 0 2 0 0 0
0 0 0 7 0 0 0 0 0
0 0 0 1 0 0 0 8 7
3 4 0 0 0 0 0 0 0
6 0 0 0 0 0 0 0 0
5 0 0 0 6 0 0 0 0
0 0 0 0 1 0 4 0 0
0 8 2 0 0 0 0 0 0
Hard 27
0 0 0 0 0 0 0 7 1
0 2 0 8 0 0 0 0 0
0 0 0 4 0 3 0 0 0
7 0 0 0 6 0 0 5 0
0 0 0 2 0 0 3 0 0
9 0 0 0 0 0 0 0 0
6 0 0 0 7 0 0 0 0
0 8 0 0 0 0 4 0 0
0 0 0 0 5 0 0 0 0
Hard 28
6 0 0 3 0 2 0 0 0
0 4 0 0 0 0 0 8 0
0 0 0 0 0 0 0 0 0
7 0 2 6 0 0 0 0 0
0 0 0 0 0 0 0 5 4
3 0 0 0 0 0 0 0 0
0 8 0 1 5 0 0 0 0
0 0 0 0 8 0 2 0 0
0 0 0 0 0 0 7 0 0
Hard 29
0 4 7 0 8 0 0 0 1
0 0 0 0 0 0 0 0 0
0 0 0 6 0 0 7 0 0
6 0 0 0 0 3 5 7 0
0 0 0 0 0 5 0 0 0
0 1 0 0 6 0 0 0 0
2 8 0 0 4 0 0 0 0
0 9 0 1 0 0 0 4 0
0 0 0 0 2 0 6 9 0
Hard 30
0 0 0 0 0 0 8 0 1
7 0 0 2 0 0 0 0 0
0 0 0 5 0 6 0 0 0
0 0 0 7 0 0 0 5 0
0 1 0 0 0 0 3 0 0
0 8 0 0 0 0 0 0 0
5 0 0 0 0 0 0 2 0
0 4 0 0 8 0 0 0 0
6 0 0 0 3 0 0 0 0
Hard 31
3 8 0 6 0 0 0 0 0
0 0 9 0 0 0 0 0 0
0 2 0 0 3 0 5 1 0
0 0 0 0 0 5 0 0 0
0 3 0 0 1 0 0 6 0
0 0 0 4 0 0 0 0 0
0 1 7 0 5 0 0 8 0
0 0 0 0 0 0 9 0 0
0 0 0 0 0 7 0 3 2
Hard 32
0 0 0 5 0 0 0 0 0
0 0 0 0 0 0 5 0 6
9 7 0 0 0 0 0 2 0
0 0 4 8 0 2 0 0 0
2 5 0 1 0 0 0 3 0
0 8 0 0 3 0 0 0 0
0 0 0 0 0 4 0 7 0
0 1 3 0 5 0 0 9 0
0 2 0 0 0 3 1 0 0
Hard 33
0 2 0 0 0 0 0 0 0
3 0 5 0 6 2 0 0 9
0 6 8 0 0 0 3 0 0
0 5 0 0 0 0 0 0 0
0 0 0 6 4 0 8 0 2
0 0 4 7 0 0 9 0 0
0 0 3 0 0 0 0 0 1
0 0 0 0 0 6 0 0 0
1 7 0 4 3 0 0 0 0
Hard 34
0 8 0 0 4 0 0 0 0
3 0 0 0 0 0 0 1 0
0 0 0 0 0 0 0 2 0
0 0 5 0 0 0 4 0 6
9 0 0 1 0 0 8 0 0
2 0 0 0 0 0 0 0 0
0 0 0 3 0 9 0 0 0
0 6 0 0 0 0 5 0 0
0 0 0 2 0 0 0 0 0
Hard 35
0 0 8 0 9 0 1 0 0
0 6 0 5 0 0 0 2 0
0 0 0 0 0 6 0 0 0
0 3 0 1 0 7 0 5 0
0 0 0 0 0 0 0 0 9
0 0 4 0 0 0 3 0 0
0 5 0 0 0 0 2 0 0
0 7 0 0 0 3 0 8 0
2 0 0 7 0 0 0 0 4
Hard 36
4 0 0 0 0 0 5 0 8
0 3 0 0 0 0 0 0 0
0 0 0 7 0 0 0 0 0
0 2 0 0 0 0 0 6 0
0 0 0 0 5 0 8 0 0
0 0 0 0 1 0 0 0 0
0 0 0 6 0 3 0 7 0
5 0 0 2 0 0 0 0 0
1 0 8 0 0 0 0 0 0
Hard 37
1 0 0 0 0 0 3 0 8
0 6 0 4 0 0 0 0 0
0 0 0 0 0 0 0 0 0
2 0 3 0 1 0 0 0 0
0 0 0 0 0 0 0 9 5
8 0 0 0 0 0 0 0 0
0 5 0 6 0 0 0 7 0
0 0 0 0 8 0 2 0 0
0 4 0 0 0 0 0 0 0
Hard 38
1 0 0 0 0 6 0 8 0
0 6 4 0 0 0 0 0 0
0 0 0 0 4 0 0 0 7
0 0 0 0 9 0 6 0 0
0 7 0 4 0 0 5 0 0
5 0 0 0 7 0 1 0 0
0 5 0 0 0 0 3 2 0
3 0 0 0 0 8 0 0 0
4 0 0 0 0 0 0 0 0
Hard 39
2 4 9 0 6 0 0 0 3
0 3 0 0 0 0 2 0 0
8 0 0 0 0 0 0 0 5
0 0 0 0 0 6 0 0 0
0 0 0 2 0 0 0 0 0
0 1 0 0 4 0 8 2 0
0 9 0 5 0 0 7 0 0
0 0 4 0 0 0 0 0 1
0 7 0 0 0 3 0 0 0
Hard 40
0 0 0 8 0 0 0 0 9
0 8 7 3 0 0 0 4 0
6 0 0 7 0 0 0 0 0
0 0 8 5 0 0 9 7 0
0 0 0 0 0 0 0 0 0
0 4 3 0 0 7 5 0 0
0 0 0 0 0 3 0 0 0
0 3 0 0 0 1 4 5 0
4 0 0 0 0 2 0 0 1
Hard 41
0 0 0 5 0 1 0 0 0
0 9 0 0 0 0 8 0 0
0 6 0 0 0 0 0 0 0
4 0 1 0 0 0 0 0 0
0 0 0 0 7 0 0 9 0
0 0 0 0 0 0 0 3 0
8 0 0 0 0 0 1 0 5
0 0 0 2 0 0 4 0 0
0 0 0 3 6 0 0 0 0
Hard 42
0 0 0 0 0 0 8 0 1
6 0 0 2 0 0 0 0 0
0 0 0 7 0 5 0 0 0
0 0 0 6 0 0 0 2 0
0 1 0 0 0 0 3 0 0
0 8 0 0 0 0 0 0 0
2 0 0 0 0 0 0 7 0
0 3 0 0 8 0 0 0 0
5 0 0 0 4 0 0 0 0
Hard 43
0 4 7 6 0 0 0 5 0
8 0 3 0 0 0 0 0 2
0 0 0 0 0 9 0 0 0
0 0 0 8 0 5 0 0 6
0 0 0 1 0 0 0 0 0
6 0 2 4 0 0 0 0 0
0 7 8 0 0 0 5 1 0
0 0 6 0 0 0 0 4 0
0 9 0 0 0 4 0 0 7
Hard 44
0 0 0 0 0 7 0 9 5
0 0 0 0 0 1 0 0 0
8 6 0 0 2 0 0 0 0
0 2 0 0 7 3 0 0 8
5 0 0 0 0 0 0 6 0
0 0 3 0 0 4 9 0 0
3 0 5 0 0 0 4 1 7
2 4 0 0 0 0 0 0 0
0 0 0 0 0 0 0 0 0
Hard 45
0 4 0 5 0 0 0 0 0
8 0 0 0 9 0 0 3 0
0 7 6 0 2 0 0 0 0
0 1 4 6 0 0 0 0 0
0 0 0 0 0 9 0 0 7
0 0 0 0 0 3 6 0 0
0 0 1 0 0 4 0 5 0
0 6 0 0 0 0 0 0 3
0 0 7 1 0 0 2 0 0
Hard 46
0 8 3 4 0 0 0 0 0
0 0 0 0 7 0 0 5 0
0 0 0 0 0 0 0 0 0
0 4 0 1 0 8 0 0 0
0 0 0 0 0 0 0 2 7
0 0 0 3 0 0 0 0 0
2 0 6 0 5 0 0 0 0
5 0 0 0 0 0 8 0 0
0 0 0 0 0 0 1 0 0
Hard 47
0 0 9 0 0 0 0 0 3
0 0 0 0 0 9 0 0 0
7 0 0 0 0 0 5 0 6
0 0 6 5 0 0 4 0 0
0 0 0 3 0 0 0 0 0
0 2 8 0 0 0 0 0 0
3 0 0 7 5 0 6 0 0
6 0 0 0 0 0 0 0 0
0 0 0 1 2 0 3 0 8
Hard 48
0 2 6 0 3 9 0 0 0
0 0 0 6 0 0 0 0 1
9 0 0 0 0 0 7 0 0
0 0 0 0 0 4 0 0 9
0 5 0 0 0 0 2 0 0
0 0 8 5 0 0 0 0 0
3 0 0 2 0 0 9 0 0
4 0 0 0 0 7 6 2 0
0 0 0 0 0 0 0 0 4
Hard 49
2 0 3 0 8 0 0 0 0
8 0 0 7 0 0 0 0 0
0 0 0 0 0 0 1 0 0
0 6 0 5 0 7 0 0 0
4 0 0 0 0 0 0 3 0
0 0 0 1 0 0 0 0 0
0 0 0 0 0 0 0 8 2
0 5 0 0 0 0 6 0 0
0 1 0 0 0 0 0 0 0
Hard 50
6 0 0 3 0 2 0 0 0
0 1 0 0 0 0 0 5 0
0 0 0 0 0 0 0 0 0
7 0 2 6 0 0 0 0 0
0 0 0 0 0 0 0 8 4
3 0 0 0 0 0 0 0 0
0 8 0 1 5 0 0 0 0
0 0 0 0 8 0 2 0 0
0 0 0 0 0 0 7 0 0
Hard 51
1 0 0 0 0 0 9 0 0
0 6 4 0 0 1 0 7 0
0 7 0 0 4 0 0 0 0
0 0 0 3 0 0 0 0 0
3 0 8 9 0 0 5 0 0
0 0 7 0 0 0 0 2 0
0 0 0 0 6 0 7 0 9
0 0 0 0 0 4 0 1 0
0 0 0 1 2 9 0 3 0
Hard 52
0 0 0 0 0 0 0 0 0
9 0 0 0 0 0 0 8 4
0 6 2 3 0 0 0 5 0
0 0 0 6 0 0 0 4 5
3 0 0 0 1 0 0 0 6
0 0 0 9 0 0 0 7 0
0 0 0 1 0 0 0 0 0
4 0 5 0 0 2 0 0 0
0 3 0 8 0 0 0 0 9
Hard 53
0 2 0 0 0 0 5 9 3
8 0 0 5 0 0 4 6 0
9 4 0 0 6 0 0 0 8
0 0 2 0 3 0 0 0 0
0 6 0 0 8 0 7 3 0
7 0 0 2 0 0 0 0 0
0 0 0 0 4 0 3 8 0
0 7 0 0 0 0 6 0 0
0 0 0 0 0 0 0 0 5
Hard 54
9 0 4 0 0 5 0 0 0
2 5 0 6 0 0 1 0 0
3 1 0 0 0 0 0 0 8
0 7 0 0 0 9 0 0 0
4 0 0 2 6 0 0 0 0
0 0 1 4 7 0 0 0 0
7 0 0 0 0 0 0 0 2
0 0 0 3 0 0 8 0 6
0 4 0 0 0 0 0 9 0
Hard 55
0 0 0 5 2 0 0 0 0
0 9 0 0 0 3 0 0 4
0 0 0 0 0 0 7 0 0
0 1 0 0 0 0 0 4 0
0 8 0 0 4 5 3 0 0
6 0 0 0 1 0 0 0 8
7 0 2 0 0 0 0 0 0
0 0 8 0 0 0 0 3 2
0 4 0 0 8 0 0 1 0
Hard 56
5 3 0 0 2 0 9 0 0
0 2 4 0 3 0 0 5 0
0 0 9 0 0 0 0 0 0
0 0 0 0 1 0 8 2 7
0 0 0 7 0 0 0 0 0
0 0 0 0 9 8 1 0 0
0 0 0 0 0 0 0 0 0
0 0 6 4 0 0 0 0 9
1 0 2 0 5 0 4 3 0
Hard 57
1 0 0 0 0 7 8 6 0
0 0 7 0 0 8 0 1 0
8 0 0 2 0 0 0 0 9
0 0 0 0 0 0 0 0 2
4 0 0 0 1 0 0 0 0
0 0 9 0 0 5 0 0 0
6 0 8 0 0 0 0 0 0
0 0 0 0 5 0 9 0 0
0 0 0 0 0 9 3 0 4
Hard 58
0 0 0 0 5 0 0 0 1
1 0 0 0 0 0 0 7 0
0 6 0 0 0 0 0 8 0
0 0 0 0 0 4 0 0 0
0 0 9 0 1 0 3 0 0
0 0 0 5 9 6 0 2 0
0 8 0 0 6 2 0 0 7
0 0 7 0 0 0 0 0 0
3 0 5 0 7 0 2 0 0
Hard 59
0 4 7 0 2 0 0 0 0
8 0 0 0 0 1 0 0 0
0 3 0 0 0 0 9 0 2
0 0 0 0 0 5 0 0 0
6 0 0 8 1 0 0 5 0
0 0 0 0 4 0 0 0 0
0 7 0 0 0 0 3 0 4
0 0 0 9 0 0 0 1 0
4 0 0 2 7 0 8 0 0
Hard 60
0 0 0 0 0 0 9 4 0
0 0 0 0 9 0 0 0 5
3 0 0 0 0 5 0 7 0
0 8 0 4 0 0 1 0 0
4 6 3 0 0 0 0 0 0
0 0 0 0 0 7 0 8 0
8 0 0 7 0 0 0 0 0
7 0 0 0 0 0 0 2 8
0 5 0 2 6 0 0 0 0
Hard 61
0 2 0 0 0 0 0 0 6
0 0 0 0 4 1 0 0 0
0 0 7 8 0 0 0 0 1
0 0 0 0 0 0 7 0 0
0 0 3 7 0 0 0 0 0
6 0 0 4 1 2 0 0 0
0 1 0 0 7 4 0 0 5
0 0 8 0 5 0 0 7 0
0 0 0 0 0 3 9 0 0
Hard 62
1 0 0 0 0 0 3 0 8
0 6 0 4 0 0 0 0 0
0 0 0 0 0 0 0 0 0
2 0 3 0 1 0 0 0 0
0 0 0 0 0 0 0 7 5
8 0 0 0 0 0 0 0 0
0 7 0 5 0 0 0 6 0
0 0 0 0 8 0 2 0 0
0 4 0 0 0 0 0 0 0
Hard 63
2 0 0 0 0 1 0 9 0
0 1 0 0 3 0 7 0 0
9 0 0 8 0 0 0 2 0
0 0 0 0 0 0 8 5 0
0 6 0 4 0 0 0 0 0
0 0 0 0 7 0 0 0 3
0 2 0 3 0 0 0 6 0
0 0 0 5 0 0 0 0 0
1 0 9 0 0 0 2 0 5
Hard 64
0 0 7 0 0 8 0 0 0
0 0 6 0 2 0 3 0 0
0 3 0 0 0 0 0 0 9
0 1 0 0 5 0 0 6 0
0 0 0 0 1 0 0 0 0
0 7 0 9 0 0 0 0 2
0 0 0 0 0 0 0 0 4
0 8 3 0 0 4 0 0 0
2 6 0 0 0 0 5 1 0
Hard 65
0 0 0 3 6 0 0 0 0
8 5 0 0 0 0 0 0 0
9 0 4 0 0 8 0 0 0
0 0 0 0 0 6 8 0 0
0 0 0 0 0 0 0 1 7
0 0 9 0 0 4 5 0 0
0 1 0 5 0 0 0 6 0
4 0 0 0 0 9 0 0 2
0 0 0 0 0 3 0 0 0
Hard 66
3 4 0 6 0 0 0 0 0
0 0 7 0 0 0 0 0 0
0 2 0 0 8 0 5 7 0
0 0 0 0 0 5 0 0 0
0 7 0 0 1 0 0 2 0
0 0 0 4 0 0 0 0 0
0 3 6 0 2 0 0 1 0
0 0 0 0 0 0 9 0 0
0 0 0 0 0 7 0 8 2
Hard 67
0 0 0 0 0 0 4 0 1
8 0 0 2 0 0 0 0 0
0 0 0 6 0 7 0 0 0
0 0 0 8 0 0 0 6 0
0 4 0 0 0 0 3 0 0
0 1 0 0 0 0 0 0 0
6 0 0 0 0 0 0 2 0
0 5 0 0 1 0 0 0 0
7 0 0 0 3 0 0 0 0
Hard 68
0 4 0 0 5 0 0 6 7
0 0 0 1 0 0 0 4 0
0 0 0 2 0 0 0 0 0
1 0 0 8 0 0 3 0 0
0 0 0 0 0 0 2 0 0
0 6 0 0 0 0 0 0 0
0 0 0 0 4 0 0 5 0
3 0 0 0 0 0 8 0 0
2 0 0 0 0 0 0 0 0
Hard 69
0 0 0 0 0 0 0 4 0
0 0 2 0 0 4 0 0 1
0 7 0 0 5 0 0 9 0
0 0 3 0 0 7 0 0 0
0 4 0 0 6 0 0 0 0
6 0 0 1 0 0 8 0 0
0 2 0 0 0 0 1 0 0
8 5 0 9 0 0 0 6 0
0 0 0 0 8 0 0 0 3
Hard 70
8 0 0 7 0 0 0 0 4
0 5 0 0 0 0 6 0 0
0 0 0 0 0 0 0 0 0
0 3 0 9 7 0 0 0 8
0 0 0 0 4 3 0 0 5
0 0 0 0 2 0 9 0 0
0 0 6 0 0 0 0 0 0
2 0 0 0 6 0 0 0 7
0 7 1 0 0 8 3 0 2
Hard 71
0 8 0 0 0 4 0 5 0
0 0 0 7 0 0 3 0 0
0 0 0 0 0 0 0 0 0
0 1 0 0 8 5 0 0 0
6 0 0 0 0 0 2 0 0
0 0 0 0 4 0 0 0 0
3 0 2 6 0 0 0 0 0
0 0 0 0 0 0 0 4 1
7 0 0 0 0 0 0 0 0
Hard 72
0 0 0 0 7 0 0 8 0
0 0 6 0 0 0 5 0 0
0 2 0 0 0 3 0 6 1
0 1 0 0 0 7 0 0 2
0 0 8 0 0 5 3 4 0
2 0 0 9 0 0 0 0 0
0 0 2 0 0 0 0 0 0
5 8 0 0 0 6 0 3 0
4 0 0 0 1 0 0 0 0
Hard 73
0 0 0 0 0 0 8 0 1
6 0 0 2 0 0 0 0 0
0 0 0 7 0 5 0 0 0
0 0 0 6 0 0 0 2 0
0 1 0 0 0 0 3 0 0
0 8 0 0 0 0 0 0 0
2 0 0 0 0 0 0 7 0
0 4 0 0 8 0 0 0 0
5 0 0 0 3 0 0 0 0
Hard 74
0 2 0 0 0 0 0 0 0
0 0 0 6 0 0 0 0 3
0 7 4 0 8 0 0 0 0
0 0 0 0 0 3 0 0 2
0 8 0 0 4 0 0 1 0
6 0 0 5 0 0 0 0 0
0 0 0 0 1 0 7 8 0
5 0 0 0 0 9 0 0 0
0 0 0 0 0 0 0 4 0
Hard 75
0 5 2 0 0 6 8 0 0
0 0 0 0 0 7 0 2 0
0 0 0 0 0 0 6 0 0
0 0 4 8 0 0 9 0 0
2 0 0 4 1 0 0 0 0
0 0 1 0 0 0 0 0 8
0 0 6 1 0 0 3 8 0
0 0 0 0 9 0 0 0 6
3 0 0 6 0 0 1 0 9
Hard 76
0 0 0 0 1 0 7 8 0
5 0 0 0 0 9 0 0 0
0 0 0 0 0 0 0 4 0
0 2 0 0 0 0 0 0 0
0 0 0 6 0 0 0 0 3
0 7 4 0 8 0 0 0 0
0 0 0 0 0 3 0 0 2
0 8 0 0 4 0 0 1 0
6 0 0 5 0 0 0 0 0
Hard 77
1 0 0 0 0 0 0 0 3
0 6 0 3 0 0 7 0 0
0 7 0 0 0 5 0 0 1
2 1 0 7 0 0 0 9 0
0 0 7 0 0 0 0 0 0
0 0 8 0 1 0 0 2 0
0 0 0 8 0 6 4 0 0
0 0 9 0 2 0 0 6 0
0 0 0 4 0 0 0 0 0
Hard 78
4 0 0 0 7 0 1 0 0
0 0 1 9 0 4 6 0 5
0 0 0 0 0 1 0 0 0
0 0 0 7 0 0 0 0 2
0 0 2 0 3 0 0 0 0
8 4 7 0 0 6 0 0 0
0 1 4 0 0 0 8 0 6
0 2 0 0 0 0 3 0 0
6 0 0 0 9 0 0 0 0
Hard 79
0 0 0 0 0 0 8 0 1
7 0 0 2 0 0 0 0 0
0 0 0 5 0 6 0 0 0
0 0 0 7 0 0 0 5 0
0 1 0 0 0 0 3 0 0
0 8 0 0 0 0 0 0 0
5 0 0 0 0 0 0 2 0
0 3 0 0 8 0 0 0 0
6 0 0 0 4 0 0 0 0
Hard 80
9 6 3 0 0 0 0 0 0
1 0 0 0 0 8 0 0 0
0 0 0 2 0 5 0 0 0
0 4 0 8 0 0 0 0 0
0 1 0 0 0 0 7 0 0
0 0 0 0 3 0 0 2 5
7 0 0 0 0 0 0 3 0
0 0 9 0 2 0 4 0 7
0 0 0 0 0 0 9 0 0
Hard 81
1 5 0 3 0 0 0 0 0
0 7 0 0 4 0 2 0 0
0 0 4 0 7 2 0 0 0
0 0 8 0 0 0 0 0 0
0 0 0 9 0 0 1 0 8
0 1 0 0 8 0 7 9 0
0 0 0 0 0 3 8 0 0
0 0 0 0 0 0 0 0 0
6 0 0 0 0 7 4 2 3
Hard 82
0 0 0 0 0 0 0 0 0
0 5 7 2 4 0 0 0 9
8 0 0 0 0 9 4 7 0
0 0 9 0 0 3 0 0 0
5 0 0 9 0 0 1 2 0
0 0 3 0 1 0 9 0 0
0 6 0 0 0 0 2 5 0
0 0 0 5 6 0 0 0 0
0 7 0 0 0 0 0 0 6
Hard 83
0 0 0 0 7 5 0 0 0
0 1 0 0 2 0 0 0 0
0 4 0 0 0 3 0 0 0
5 0 0 0 0 0 3 0 2
0 0 0 8 0 0 0 1 0
0 0 0 0 0 0 6 0 0
0 0 0 1 0 0 4 8 0
2 0 0 0 0 0 0 0 0
7 0 0 0 0 0 0 0 0
Hard 84
6 0 0 0 0 0 7 0 3
0 4 0 8 0 0 0 0 0
0 0 0 0 0 0 0 0 0
0 0 0 5 0 4 0 8 0
7 0 0 2 0 0 0 0 0
1 0 3 0 0 0 0 0 0
0 2 0 0 0 0 0 5 0
0 0 0 0 7 0 9 0 0
0 0 0 0 1 0 0 0 0
Hard 85
0 0 0 0 6 0 0 0 4
0 0 6 0 3 0 0 0 0
1 0 0 4 0 0 5 0 7
7 0 0 0 0 0 8 0 5
0 0 0 8 0 0 0 0 0
6 0 8 0 0 0 0 9 0
0 0 2 0 9 0 0 0 0
4 0 0 0 0 3 2 0 0
0 0 9 7 0 0 1 0 0
Hard 86
0 3 2 0 0 0 0 0 5
8 0 0 3 0 0 0 0 0
9 0 4 2 8 0 0 0 1
0 0 0 4 0 0 0 3 9
0 0 0 6 0 0 0 5 0
0 0 0 0 1 0 0 0 0
0 2 0 0 0 6 7 0 8
0 0 0 0 0 4 0 0 0
0 9 5 0 0 0 0 6 0
Hard 87
0 0 0 5 0 3 0 0 0
0 0 0 0 6 0 7 0 0
5 0 8 0 0 0 0 1 6
3 6 0 0 2 0 0 0 0
0 0 0 4 0 1 0 0 0
0 0 0 0 3 0 0 0 5
6 7 0 0 0 0 2 0 8
0 0 4 0 7 0 0 0 0
0 0 0 2 0 0 5 0 0
Hard 88
0 5 0 3 0 7 0 4 0
1 0 0 0 0 0 0 0 0
0 3 0 0 0 0 0 0 0
5 0 8 0 3 0 6 1 0
0 0 0 8 0 0 5 0 9
0 6 0 0 1 0 0 0 0
0 0 0 0 4 0 0 0 6
0 0 0 6 9 2 7 0 0
0 0 2 0 0 0 9 0 0
Hard 89
0 0 5 0 0 8 0 0 1
8 0 0 0 0 0 0 9 0
0 0 0 0 0 0 7 8 0
0 0 0 4 0 0 0 0 0
6 4 0 0 0 0 9 0 0
0 0 0 0 5 3 0 0 2
0 6 0 0 0 0 0 0 0
0 0 1 3 8 0 0 5 0
0 0 0 9 0 7 1 4 0
Hard 90
0 0 0 0 0 0 0 0 0
0 7 2 0 6 0 1 0 0
0 0 5 1 0 0 0 8 2
0 8 0 0 0 1 3 0 0
4 0 0 0 0 0 0 0 0
0 3 7 0 9 0 0 1 0
0 0 0 0 2 3 8 0 0
5 0 4 0 0 9 0 0 0
0 0 0 0 0 0 7 9 0
Hard 91
0 0 0 6 5 8 0 0 0
0 0 4 0 0 0 0 0 0
1 2 0 0 0 0 0 0 0
0 0 0 0 0 9 6 0 7
0 0 0 3 0 0 5 0 0
0 0 2 0 8 0 0 0 3
0 0 1 9 0 0 8 0 0
3 0 6 0 0 0 0 0 4
0 0 0 0 4 7 3 0 0
Hard 92
0 2 0 3 0 0 0 0 0
0 0 6 0 0 8 0 9 0
8 3 0 5 0 0 0 0 0
0 0 0 2 0 0 0 8 0
7 0 9 0 0 5 0 0 0
0 0 0 0 0 6 0 0 4
0 0 0 0 0 0 0 1 0
0 0 1 0 0 0 4 0 2
2 0 0 7 0 0 8 0 9
Hard 93
0 5 0 0 9 0 0 0 0
1 0 0 0 0 0 6 0 0
0 0 0 3 0 8 0 0 0
0 0 8 0 4 0 0 0 9
5 1 4 0 0 0 0 0 0
0 3 0 0 0 0 2 0 0
0 0 0 0 0 0 0 0 4
0 8 0 0 0 6 0 0 7
7 0 0 1 5 0 0 6 0
Hard 94
0 0 0 0 0 2 0 0 0
0 0 0 0 7 0 0 0 1
7 0 0 3 0 0 0 9 0
8 0 0 7 0 0 0 0 0
0 2 0 8 9 0 6 0 0
0 1 3 0 0 6 0 0 0
0 9 0 0 5 0 8 2 4
0 0 0 0 0 8 9 1 0
0 0 0 0 0 0 0 0 0
Hard 95
3 0 0 0 8 0 0 0 0
0 0 0 7 0 0 0 0 5
1 0 0 0 0 0 0 0 0
0 0 0 0 0 0 3 6 0
0 0 2 0 0 4 0 0 0
0 7 0 0 0 0 0 0 0
0 0 0 0 6 0 1 3 0
0 4 5 2 0 0 0 0 0
0 0 0 0 0 0 8 0 0